0.989965 0.010035 0.000000 0.000000 0.000000 0.000000 0.000000 0.000000
0.276105 0.000000 0.723895 0.000000 0.000000 0.000000 0.000000 0.000000
0.000000 0.033085 0.917546 0.049369 0.000000 0.000000 0.000000 0.000000
0.000000 0.000000 0.052967 0.900295 0.046738 0.000000 0.000000 0.000000
0.000000 0.000000 0.000000 0.035086 0.926561 0.038353 0.000000 0.000000
0.000000 0.000000 0.000000 0.000000 0.030556 0.960626 0.008819 0.000000
0.000000 0.000000 0.000000 0.000000 0.000000 0.054714 0.695952 0.249334
0.000000 0.000000 0.000000 0.000000 0.000000 0.000000 0.089019 0.910981
%%%%%%%%%%%%%%%%%%%%%%%%%%%%%%%%%%%%%%%%%%%%%%%%%%%%%%%%%%%%%%%%%%%%%%%%%%%%%%%%%%%%%%%%%%%%%%%%%%%%%%%%%%%%%%%%%%%
0.977116 0.022884 0.000000 0.000000 0.000000 0.000000 0.000000 0.000000
0.023341 0.819370 0.157289 0.000000 0.000000 0.000000 0.000000 0.000000
0.000000 0.172486 0.763738 0.063777 0.000000 0.000000 0.000000 0.000000
0.000000 0.000000 0.018291 0.941470 0.040239 0.000000 0.000000 0.000000
0.000000 0.000000 0.000000 0.058352 0.921761 0.019887 0.000000 0.000000
0.000000 0.000000 0.000000 0.000000 0.019525 0.967251 0.013224 0.000000
0.000000 0.000000 0.000000 0.000000 0.000000 0.020594 0.690303 0.289103
0.000000 0.000000 0.000000 0.000000 0.000000 0.000000 0.116809 0.883191
%%%%%%%%%%%%%%%%%%%%%%%%%%%%%%%%%%%%%%%%%%%%%%%%%%%%%%%%%%%%%%%%%%%%%%%%%%%%%%%%%%%%%%%%%%%%%%%%%%%%%%%%%%%%%%%%%%%
0.973856 0.026144 0.000000 0.000000 0.000000 0.000000 0.000000 0.000000
0.475171 0.000001 0.524828 0.000000 0.000000 0.000000 0.000000 0.000000
0.000000 0.070352 0.861296 0.068352 0.000000 0.000000 0.000000 0.000000
0.000000 0.000000 0.085522 0.811393 0.103086 0.000000 0.000000 0.000000
0.000000 0.000000 0.000000 0.097063 0.822990 0.079947 0.000000 0.000000
0.000000 0.000000 0.000000 0.000000 0.014464 0.971163 0.014373 0.000000
0.000000 0.000000 0.000000 0.000000 0.000000 0.030500 0.673251 0.296249
0.000000 0.000000 0.000000 0.000000 0.000000 0.000000 0.134157 0.865843
%%%%%%%%%%%%%%%%%%%%%%%%%%%%%%%%%%%%%%%%%%%%%%%%%%%%%%%%%%%%%%%%%%%%%%%%%%%%%%%%%%%%%%%%%%%%%%%%%%%%%%%%%%%%%%%%%%%
0.986006 0.013994 0.000000 0.000000 0.000000 0.000000 0.000000 0.000000
0.006170 0.975115 0.018715 0.000000 0.000000 0.000000 0.000000 0.000000
0.000000 0.014960 0.964312 0.020728 0.000000 0.000000 0.000000 0.000000
0.000000 0.000000 0.013713 0.961675 0.024612 0.000000 0.000000 0.000000
0.000000 0.000000 0.000000 0.010624 0.981400 0.007975 0.000000 0.000000
0.000000 0.000000 0.000000 0.000000 0.011279 0.988084 0.000638 0.000000
0.000000 0.000000 0.000000 0.000000 0.000000 0.001531 0.694920 0.303549
0.000000 0.000000 0.000000 0.000000 0.000000 0.000000 0.130666 0.869334
%%%%%%%%%%%%%%%%%%%%%%%%%%%%%%%%%%%%%%%%%%%%%%%%%%%%%%%%%%%%%%%%%%%%%%%%%%%%%%%%%%%%%%%%%%%%%%%%%%%%%%%%%%%%%%%%%%%
